1100 3.1345e-05 0.0039271 0 0.083594
1150 0.0045268 0.19486 802 0.14466
1200 0.0142 0.73877 1485 0.44063
1250 0.024748 1.377 1993 0.86194
1300 0.036699 2.0124 2418 1.3566
1350 0.048458 2.7745 2787 1.9657
1400 0.060515 3.5011 3112 2.5876
1450 0.072701 4.2634 3409 3.3278
1500 0.085748 5.1416 3717 4.2231
1550 0.10185 6.2185 4028 5.3939
1600 0.1253 7.3895 4404 6.9356
1650 0.14521 8.6666 4797 8.646
1700 0.17081 10.258 5157 10.841
1750 0.19229 11.429 5522 13.035
1750 0.19363 11.672 5492 13.172
1700 0.16774 9.9888 5127 10.613
1650 0.14694 8.6246 4734 8.5817
1600 0.1204 7.0113 4366 6.637
1550 0.10365 6.1448 3967 5.2856
1500 0.086873 5.1169 3657 4.1609
1450 0.072977 4.1542 3396 3.267
1400 0.061317 3.44 3096 2.5489
1350 0.048873 2.7104 2768 1.9277
1300 0.035411 2.0897 2408 1.3423
1250 0.024934 1.362 1989 0.85321
1200 0.015023 0.76698 1476 0.44494
1150 0.0051864 0.23149 831 0.14143
1100 0.0006529 0.00056704 47 0.028939
