1100 5.9981e-05 0.0052534 0 0
1150 0.002615 0.12623 1267 0.11171
1200 0.0082689 0.47604 2388 0.35803
1250 0.014507 0.92265 3194 0.70259
1300 0.02068 1.3532 3830 1.0685
1350 0.026936 1.7607 4371 1.4796
1400 0.032952 2.1762 4818 1.9345
1450 0.038556 2.5669 5202 2.3751
1500 0.044044 2.9572 5542 2.8283
1550 0.049928 3.3468 5850 3.2679
1600 0.055508 3.6987 6112 3.7094
1650 0.059939 4.0167 6371 4.1324
1700 0.064732 4.3283 6603 4.5304
1750 0.069435 4.7001 6850 4.9998
1800 0.077096 5.2298 7185 5.7322
1850 0.085872 5.8716 7620 6.6912
1900 0.098706 6.774 8104 8.0093
1950 0.10396 7.1585 8396 8.7284
2000 0.10443 7.2182 8376 8.7754
2000 0.10304 7.1553 8370 8.7117
1950 0.10401 7.1758 8358 8.7515
1900 0.094678 6.5546 8080 7.8388
1850 0.083374 5.6783 7562 6.527
1800 0.07318 5.0218 7136 5.5373
1750 0.068003 4.6229 6780 4.9095
1700 0.063334 4.292 6514 4.4718
1650 0.057269 3.9232 6310 4.0153
1600 0.05371 3.6046 6045 3.6195
1550 0.0493 3.3086 5747 3.21
1500 0.043458 2.8894 5461 2.7706
1450 0.03856 2.5183 5112 2.3372
1400 0.033253 2.1604 4722 1.8962
1350 0.026541 1.7174 4286 1.4658
1300 0.02036 1.3138 3752 1.0491
1250 0.014344 0.89999 3118 0.67908
1200 0.0082491 0.49237 2356 0.36609
1150 0.0026427 0.13898 1252 0.10483
1100 0.00021139 0.00095895 0 0
